        1.0225        1.19801        23.3775        23.3358
        1.0446        1.14043        23.5689        23.4374
        1.0652        1.11616         23.742        23.5197
        1.0854        1.10094        23.9056        25.5574
        1.1056        1.08999        24.2005        25.6226
        1.1262        1.08161        24.3871        25.6836
        1.1474        1.07622        24.5745        25.7423
        1.1689        1.07335         24.759        25.7986
        1.1911        1.07154        24.9455        25.8542
        1.2142        1.07036        25.1368          25.91
        1.2391        1.06902        25.3406        25.9686
        1.2659        1.06685        25.5572        26.0301
        1.2945        1.06349        25.7848        26.0937
        1.3238        1.05916        26.0155        26.1565
        1.3532        1.05422        26.2452        26.2168
        1.3825        1.04919        26.4723        26.2741
        1.4001        1.04646        26.6063        26.3071
