        1.0225   -0.000612581         23.348        23.3581
        1.0518   -0.000633181        23.5227        23.5404
        1.0847   -0.000640526        23.7026        24.5606
        1.1207   -0.000650187        23.8842        24.6824
        1.1601   -0.000661841        24.2579         24.805
         1.203   -0.000675348        24.4741        24.9276
        1.2497   -0.000690717        24.6892        25.0503
        1.3005   -0.000708001        24.9033        25.1729
        1.3557   -0.000727274        25.1167        25.2951
        1.4156   -0.000748901        25.3291        25.4169
        1.4805   -0.000772775        25.5405        25.5379
        1.5001   -0.000779999        25.6007        25.5722
