        1.0225      0.0446089        23.2134        23.2157
        1.0247      0.0414345        23.2134        23.2157
        1.0266      0.0399008        23.2134        23.2157
        1.0284      0.0383845        23.2134        23.2157
        1.0301      0.0369094        23.2134        23.2157
        1.0317      0.0355261        23.2134        23.2157
        1.0333      0.0341633        23.2134        23.2157
        1.0349      0.0328364        23.2134        23.2157
        1.0366      0.0314711        23.2134        23.2157
        1.0383      0.0301559        23.2134        23.2157
        1.0401      0.0288175        23.2134        23.2157
        1.0419      0.0275385        23.2134        23.2157
        1.0438      0.0262567        23.2134        23.2157
        1.0458       0.024982        23.2134        23.2157
        1.0479      0.0237212        23.2134        23.2157
        1.0501      0.0224833        23.2134        23.2157
        1.0524       0.021276        23.2134        23.2157
        1.0548      0.0200974        23.2134        23.2157
        1.0573      0.0189518        23.2134        23.2157
        1.0599      0.0178495        23.2134        23.2157
        1.0627      0.0167565        23.2134        23.2157
        1.0656      0.0157181        23.2134        23.2157
        1.0725      0.0135786        23.2134        23.2157
        1.0795      0.0117984        23.2134        23.2157
        1.0866      0.0103068        23.2134        23.2157
        1.0936     0.00908053        23.2134        23.2157
        1.1007     0.00803429        23.2134        23.2157
        1.1079     0.00713671        23.2134        23.2157
        1.1153     0.00635295        23.2134        23.2157
         1.123     0.00565877        23.2134        23.2157
         1.131     0.00504279        23.2134        23.2157
        1.1393      0.0044982        23.2134        23.2157
        1.1481     0.00400658        23.2134        23.2157
        1.1574     0.00356493        23.2134        23.2157
        1.1672     0.00316185        23.2134        23.2157
        1.1776     0.00279366        23.2134        23.2157
        1.1887     0.00246387        23.2134        23.2157
        1.2004     0.00215976        23.2134        23.2157
        1.2128     0.00189026        23.2134        23.2157
         1.226     0.00164666        23.2134        23.2157
        1.2399     0.00392468        23.2134        23.2157
        1.2546              0        23.2134        23.2157
        1.2701     0.00392793        23.2134        23.2157
        1.2864              0        23.2134        23.2157
        1.3035     0.00393095        23.2134        23.2157
        1.3215     0.00393237        23.2134        23.2157
        1.3648              0        23.2134        23.2157
        1.4115            nan            nan            nan
       10.0001            nan            nan            nan
